image_width: 1280
image_height: 1024
camera_name: head_camera
camera_matrix:
  rows: 3
  cols: 3
  data: [1036.831939802416, 0, 655.0302317554891, 0, 1031.833145877669, 559.8336241002479, 0, 0, 1]
distortion_model: plumb_bob
distortion_coefficients:
  rows: 1
  cols: 5
  data: [-0.337507, 0.080140, -0.010452, 0.0129054, 0.000000]
rectification_matrix:
  rows: 3
  cols: 3
  data: [1, 0, 0, 0, 1, 0, 0, 0, 1]
projection_matrix:
  rows: 3
  cols: 4
  data: [804.5667724609375, 0, 660.4239473110647, 0, 0, 892.779052734375, 567.0489483347774, 0, 0, 0, 1, 0]